030  044
  -1.4659219E+00   1.3235389E-01  -6.3502356E-02   1.4085368E-02  -1.5675134E-03   8.4864805E-05  -1.7765021E-06
   4.0974901E-03   4.0884119E-01  -1.9434051E-01   3.8345080E-02  -3.5912620E-03   1.5758269E-04  -2.5808051E-06
  -5.5100914E-04  -2.6815233E-01   1.8506204E-01  -4.4569451E-02   4.8809834E-03  -2.4888135E-04   4.7989674E-06
   2.0536152E-04   6.6462465E-02  -5.2376430E-02   1.3700002E-02  -1.5956199E-03   8.5618150E-05  -1.7275421E-06
  -5.0337898E-05  -7.6196678E-03   6.4557749E-03  -1.7737317E-03   2.1445843E-04  -1.1863741E-05   2.4570772E-07
   4.5476945E-06   4.0915256E-04  -3.6359261E-04   1.0330542E-04  -1.2819219E-05   7.2436353E-07  -1.5274425E-08
  -1.3470068E-07  -8.3339201E-06   7.6699125E-06  -2.2337667E-06   2.8260246E-07  -1.6224085E-08   3.4673237E-10
030  070
  -1.5780225E+00   2.3310383E-01  -8.8321388E-02   1.6745936E-02  -1.6774359E-03   8.4485495E-05  -1.6805294E-06
   6.2972140E-03   1.7121641E-01  -2.6301662E-02  -4.4110678E-03   1.4255556E-03  -1.1856092E-04   3.1936029E-06
   2.1561752E-03  -1.5131952E-01   8.3797455E-02  -1.5857033E-02   1.2713899E-03  -4.0416617E-05   2.8248226E-07
  -1.1278137E-03   4.3396648E-02  -2.9830405E-02   6.8801995E-03  -7.0104218E-04   3.2358261E-05  -5.4692032E-07
   1.6231393E-04  -5.4663573E-03   4.1307393E-03  -1.0346770E-03   1.1432651E-04  -5.7617463E-06   1.0802960E-07
  -9.6492868E-06   3.1453490E-04  -2.5094507E-04   6.5923385E-05  -7.6149463E-06   4.0100676E-07  -7.8704634E-09
   2.0612552E-07  -6.7674978E-06   5.5956275E-06  -1.5170725E-06   1.8037289E-07  -9.7633537E-09   1.9689540E-10
030  100
  -1.6633761E+00   2.3665164E-01  -6.4267077E-02   9.0794899E-03  -7.1506173E-04   2.9973768E-05  -5.2233116E-07
   1.7691137E-02   6.9123365E-02   2.9738907E-02  -1.6338872E-02   2.6274179E-03  -1.7605917E-04   4.2432607E-06
  -3.3227263E-03  -7.9953969E-02   3.1563397E-02  -2.3841225E-03  -3.0602067E-04   4.5444889E-05  -1.4831162E-06
  -7.9353013E-05   2.5888970E-02  -1.5639216E-02   2.9632817E-03  -2.1856837E-04   5.0115841E-06   3.4666503E-08
   6.8946960E-05  -3.5088887E-03   2.4473618E-03  -5.5094506E-04   5.2878957E-05  -2.1919375E-06   3.0549959E-08
  -5.8288601E-06   2.1234817E-04  -1.5931844E-04   3.8835518E-05  -4.0977684E-06   1.9303528E-07  -3.2904088E-09
   1.4962755E-07  -4.7436756E-06   3.7204024E-06  -9.5045459E-07   1.0554952E-07  -5.2783635E-09   9.7009123E-11
030  143
  -1.7461032E+00   2.1942353E-01  -3.5737440E-02   1.5890172E-03   1.3296258E-04  -1.4808186E-05   3.8134934E-07
   2.4662381E-02   1.9671677E-02   4.7093496E-02  -1.7981989E-02   2.5842532E-03  -1.6330952E-04   3.7922116E-06
  -7.0574689E-03  -3.3633493E-02   1.6308445E-03   4.4660182E-03  -1.0210352E-03   8.0017497E-05  -2.1083672E-06
   7.3588145E-04   1.2955091E-02  -6.0383123E-03   5.0025660E-04   6.6228480E-05  -1.0192220E-05   3.3931957E-07
  -1.4988496E-05  -1.9312260E-03   1.1934205E-03  -2.1118272E-04   1.1746516E-05   9.4848829E-08  -1.7023165E-08
  -1.7651851E-06   1.2424760E-04  -8.6243512E-05   1.8354604E-05  -1.5479683E-06   4.7814318E-08  -2.0345083E-10
   7.5258647E-08  -2.8984218E-06   2.1431565E-06  -4.9786968E-07   4.8102919E-08  -1.9518953E-09   2.5257902E-11
030  217
  -1.8415302E+00   2.0554008E-01  -1.4939927E-02  -3.0772830E-03   5.9043756E-04  -3.6075136E-05   7.6543557E-07
   2.7786184E-02   2.4779702E-03   4.1241966E-02  -1.3763017E-02   1.8534228E-03  -1.1249848E-04   2.5386532E-06
  -8.7858131E-03  -6.4171627E-03  -1.2429277E-02   6.7897066E-03  -1.1526390E-03   7.9895784E-05  -1.9605038E-06
   1.1973024E-03   3.9483826E-03   4.5774927E-05  -8.9504098E-04   2.0641746E-04  -1.6460022E-05   4.3878546E-07
  -7.2115537E-05  -7.1962166E-04   2.8871346E-04   1.7195865E-05  -1.3708693E-05   1.3836676E-06  -4.1143437E-08
   1.4773776E-06   5.1857209E-05  -2.9180348E-05   3.2219302E-06   2.2245209E-07  -4.6475225E-08   1.6621392E-09
   6.7617005E-09  -1.3024517E-06   8.4084178E-07  -1.4168083E-07   5.1958278E-09   4.0030165E-10  -2.2683718E-11
030  353
  -1.9578884E+00   2.0358250E-01  -5.9386916E-03  -4.3047075E-03   6.2368833E-04  -3.3622127E-05   6.5279772E-07
   2.6216585E-02  -3.7120702E-03   3.1136535E-02  -8.9560477E-03   1.0915892E-03  -6.1468192E-05   1.3050121E-06
  -6.9636106E-03   8.4001338E-03  -1.7958364E-02   6.8263756E-03  -9.9938503E-04   6.3241583E-05  -1.4520937E-06
   8.3531265E-04  -1.6402414E-03   3.5523837E-03  -1.5489432E-03   2.4913863E-04  -1.6827842E-05   4.0512342E-07
  -4.2507934E-05   9.1769718E-05  -3.0155526E-04   1.5201468E-04  -2.6513910E-05   1.8888356E-06  -4.7237869E-08
   4.1811722E-07   8.0501610E-07   1.0703977E-05  -6.6872276E-06   1.2730161E-06  -9.5438516E-08   2.4706361E-09
   1.9891976E-08  -1.3343067E-07  -1.1198004E-07   1.0654040E-07  -2.2614435E-08   1.7897893E-09  -4.7928231E-11
030  545
  -2.0647395E+00   2.0581578E-01  -2.9423570E-03  -4.1928105E-03   5.2928913E-04  -2.5500458E-05   4.4357472E-07
   2.7247149E-02  -2.9841401E-03   2.1672681E-02  -5.2377610E-03   5.4260006E-04  -2.6123113E-05   4.7305423E-07
  -6.7198453E-03   1.1280168E-02  -1.6691992E-02   5.5394946E-03  -7.3715672E-04   4.3075615E-05  -9.2095098E-07
   7.8231760E-04  -3.0533392E-03   4.2320807E-03  -1.5311156E-03   2.2004782E-04  -1.3686250E-05   3.0818876E-07
  -4.1281615E-05   3.3098401E-04  -4.7812983E-04   1.8180021E-04  -2.7296635E-05   1.7611475E-06  -4.0902236E-08
   6.2489886E-07  -1.5867443E-05   2.4790770E-05  -9.8073724E-06   1.5190315E-06  -1.0055094E-07   2.3861373E-09
   1.0709394E-08   2.7683492E-07  -4.8110792E-07   1.9752578E-07  -3.1378239E-08   2.1189335E-09  -5.1119536E-11
030  857
  -2.1723764E+00   2.0636532E-01  -6.8510126E-04  -3.9091641E-03   4.2265604E-04  -1.7071383E-05   2.3318090E-07
   2.5028955E-02  -9.3274517E-03   2.0400206E-02  -4.1391426E-03   3.5172887E-04  -1.2890337E-05   1.4828090E-07
  -6.8898494E-03   1.8267745E-02  -1.8742966E-02   5.2973963E-03  -6.2376703E-04   3.2580596E-05  -6.2286040E-07
   1.1567768E-03  -5.5484539E-03   5.4580732E-03  -1.6591609E-03   2.1142307E-04  -1.1926646E-05   2.4636591E-07
  -1.1010994E-04   6.9280615E-04  -6.8984600E-04   2.1726001E-04  -2.8793052E-05   1.6886216E-06  -3.6231150E-08
   5.3159461E-06  -3.8768190E-05   3.9423448E-05  -1.2709464E-05   1.7259871E-06  -1.0368509E-07   2.2767972E-09
  -1.0035783E-07   8.0454492E-07  -8.3659279E-07   2.7458677E-07  -3.7941366E-08   2.3175839E-09  -5.1704960E-11
044  070
  -1.5541748E+00   1.5641710E-01  -7.3137715E-02   1.5915453E-02  -1.7464887E-03   9.3578150E-05  -1.9436384E-06
  -8.8086334E-04   3.7043348E-01  -1.6588011E-01   3.1100795E-02  -2.7421426E-03   1.1066037E-04  -1.5913839E-06
   2.5226744E-03  -2.5208819E-01   1.6958185E-01  -4.0227335E-02   4.3415902E-03  -2.1782017E-04   4.1230801E-06
  -5.9651682E-04   6.3819937E-02  -4.9240503E-02   1.2754881E-02  -1.4728509E-03   7.8309939E-05  -1.5642968E-06
   4.8912108E-05  -7.4308766E-03   6.1661624E-03  -1.6804365E-03   2.0184947E-04  -1.1090557E-05   2.2802284E-07
  -1.2237808E-06   4.0401696E-04  -3.5133428E-04   9.9058874E-05  -1.2222165E-05   6.8668226E-07  -1.4392708E-08
  -7.7628153E-09  -8.3168625E-06   7.4800023E-06  -2.1617452E-06   2.7202802E-07  -1.5536354E-08   3.3026371E-10
044  100
  -1.6424319E+00   2.2121975E-01  -8.8235900E-02   1.7374171E-02  -1.7879093E-03   9.1789363E-05  -1.8510395E-06
   5.3993519E-03   2.0341651E-01  -4.8288912E-02   8.9684693E-04   8.3824329E-04  -8.8169589E-05   2.5969700E-06
   1.6220812E-03  -1.6589257E-01   9.6468471E-02  -1.9396825E-02   1.7037466E-03  -6.4487154E-05   7.8325041E-07
  -8.5197092E-04   4.6031721E-02  -3.2516487E-02   7.6957336E-03  -8.0610567E-04   3.8428992E-05  -6.7673659E-07
   1.1940701E-04  -5.6910268E-03   4.3968963E-03  -1.1210494E-03   1.2591139E-04  -6.4494316E-06   1.2301902E-07
  -6.8641480E-06   3.2344830E-04  -2.6343160E-04   7.0228329E-05  -8.2124689E-06   4.3726533E-07  -8.6728331E-09
   1.4091269E-07  -6.8971799E-06   5.8194983E-06  -1.5989388E-06   1.9209193E-07  -1.0488159E-08   2.1314008E-10
044  143
  -1.7298201E+00   2.4359845E-01  -7.4223518E-02   1.1809225E-02  -1.0387657E-03   4.7776135E-05  -8.9397417E-07
   1.4209849E-02   8.8563457E-02   1.9309076E-02  -1.4425461E-02   2.4814098E-03  -1.7193804E-04   4.2309648E-06
  -1.6340018E-03  -9.3810461E-02   4.1683938E-02  -4.8819291E-03  -3.6374800E-05   3.2282056E-05  -1.2458393E-06
  -4.0617248E-04   2.9151512E-02  -1.8272914E-02   3.6660722E-03  -2.9949937E-04   9.2058572E-06  -4.5709662E-08
   9.9037781E-05  -3.8576417E-03   2.7460139E-03  -6.3416775E-04   6.2782907E-05  -2.7191650E-06   4.0894996E-08
  -7.1451982E-06   2.2983065E-04  -1.7495317E-04   4.3325643E-05  -4.6438363E-06   2.2258378E-07  -3.8777737E-09
   1.7156829E-07  -5.0781050E-06   4.0303271E-06  -1.0415736E-06   1.1681236E-07  -5.8949108E-09   1.0936933E-10
044  217
  -1.8287778E+00   2.3250179E-01  -4.5056354E-02   3.6790720E-03  -8.4576743E-05  -3.9873712E-06   1.7330471E-07
   2.2121580E-02   1.6236788E-02   5.1488552E-02  -1.9545577E-02   2.8103150E-03  -1.7767245E-04   4.1254630E-06
  -5.4615545E-03  -3.3955377E-02   1.3350508E-03   4.7023785E-03  -1.0707191E-03   8.3961146E-05  -2.2141346E-06
   3.6757841E-04   1.3080631E-02  -6.0534286E-03   4.7786281E-04   7.3578492E-05  -1.0891254E-05   3.6000142E-07
   2.4879691E-05  -1.9356094E-03   1.1889504E-03  -2.0739652E-04   1.0754873E-05   1.8576040E-07  -1.9699600E-08
  -3.8235598E-06   1.2378038E-04  -8.5439431E-05   1.7997572E-05  -1.4739393E-06   4.1555577E-08  -2.5083468E-11
   1.1624346E-07  -2.8750972E-06   2.1147960E-06  -4.8708762E-07   4.6105963E-08  -1.7919092E-09   2.0812073E-11
044  353
  -1.9475628E+00   2.2388625E-01  -2.2218239E-02  -1.9201266E-03   5.0408492E-04  -3.3170581E-05   7.3297457E-07
   3.0778537E-02  -2.1139361E-02   5.5450901E-02  -1.7083071E-02   2.2111833E-03  -1.3040281E-04   2.8752688E-06
  -9.4933659E-03   5.8081653E-03  -2.0776561E-02   8.8541862E-03  -1.3834082E-03   9.1743059E-05  -2.1871936E-06
   1.2929126E-03   1.0103361E-03   2.2451521E-03  -1.4672508E-03   2.7288977E-04  -1.9987661E-05   5.0839850E-07
  -8.0207050E-05  -3.6980101E-04   9.6428130E-06   9.2854316E-05  -2.2800981E-05   1.8814196E-06  -5.1267172E-08
   1.8611074E-06   3.1985830E-05  -1.2611867E-05  -1.4125071E-06   7.9433818E-07  -7.8558870E-08   2.3303226E-09
  -6.7696432E-10  -8.7376287E-07   4.7184994E-07  -3.6000955E-08  -8.1114280E-09   1.1609169E-09  -3.8809473E-11
044  545
  -2.0506437E+00   2.1555458E-01  -9.0944078E-03  -4.4257613E-03   7.0639455E-04  -4.0678900E-05   8.3717066E-07
   2.7810609E-02  -2.3968393E-02   4.5254305E-02  -1.2348570E-02   1.4547105E-03  -7.9289384E-05   1.6317185E-06
  -8.4191235E-03   1.9795846E-02  -2.6655406E-02   9.0791183E-03  -1.2562708E-03   7.6568729E-05  -1.7093043E-06
   1.1739373E-03  -4.2582685E-03   5.6834132E-03  -2.1224604E-03   3.1641847E-04  -2.0396630E-05   4.7525251E-07
  -7.8331454E-05   3.8720670E-04  -5.5431994E-04   2.2215307E-04  -3.4939912E-05   2.3448454E-06  -5.6359774E-08
   2.2179186E-06  -1.5290025E-05   2.5011479E-05  -1.0758658E-05   1.7723447E-06  -1.2296356E-07   3.0307596E-09
  -1.4864624E-08   2.0343390E-07  -4.2046025E-07   1.9614566E-07  -3.3796358E-08   2.4160156E-09  -6.0864112E-11
044  857
  -2.1611025E+00   2.1134801E-01  -5.1704550E-04  -5.7086563E-03   7.6734071E-04  -4.0619456E-05   7.8704153E-07
   2.7040999E-02  -2.4743274E-02   3.5422269E-02  -8.2484027E-03   8.3492370E-04  -3.8970531E-05   6.7898418E-07
  -7.4456492E-03   2.4408579E-02  -2.6186723E-02   7.8627300E-03  -9.8656141E-04   5.5208799E-05  -1.1392556E-06
   9.5994433E-04  -6.2192651E-03   6.6742809E-03  -2.1556960E-03   2.8946315E-04  -1.7162760E-05   3.7239786E-07
  -5.8721318E-05   6.9457787E-04  -7.7182997E-04   2.5943006E-04  -3.6159319E-05   2.2155762E-06  -4.9482065E-08
   1.4074112E-06  -3.5712532E-05   4.1412113E-05  -1.4321628E-05   2.0465059E-06  -1.2818030E-07   2.9187874E-09
  -2.4715521E-09   6.9028903E-07  -8.3769868E-07   2.9657213E-07  -4.3181419E-08   2.7487446E-09  -6.3486300E-11
070  100
  -1.6238215E+00   1.1132674E-01  -5.3402163E-02   1.1868414E-02  -1.3261295E-03   7.2163442E-05  -1.5188507E-06
   7.5533330E-03   4.3696377E-01  -2.2103326E-01   4.6383921E-02  -4.6355026E-03   2.1891879E-04  -3.9204870E-06
  -2.8702996E-03  -2.7706873E-01   1.9590515E-01  -4.8472360E-02   5.4404684E-03  -2.8376549E-04   5.5912501E-06
   7.9524698E-04   6.7572214E-02  -5.4211520E-02   1.4470219E-02  -1.7144226E-03   9.3340379E-05  -1.9076010E-06
  -1.1970838E-04  -7.6730954E-03   6.6063511E-03  -1.8476646E-03   2.2660672E-04  -1.2680436E-05   2.6514681E-07
   8.3788527E-06   4.0931295E-04  -3.6944216E-04   1.0673289E-04  -1.3416381E-05   7.6570348E-07  -1.6275740E-08
  -2.1524089E-07  -8.2949873E-06   7.7541399E-06  -2.2951426E-06   2.9392260E-07  -1.7028960E-08   3.6653253E-10
070  143
  -1.7071207E+00   2.0346819E-01  -8.8100739E-02   1.8275317E-02  -1.9448308E-03   1.0208783E-04  -2.0901564E-06
   2.4510119E-03   2.6047096E-01  -8.9932717E-02   1.1579304E-02  -4.0719027E-04  -2.0596823E-05   1.2098931E-06
   2.5666435E-03  -1.9675855E-01   1.2381860E-01  -2.7241770E-02   2.6866118E-03  -1.2060253E-04   1.9805543E-06
  -9.1454946E-04   5.2477613E-02  -3.8857199E-02   9.6259527E-03  -1.0575093E-03   5.3182914E-05  -9.9809529E-07
   1.1146196E-04  -6.3239154E-03   5.0718300E-03  -1.3355339E-03   1.5463654E-04  -8.1687149E-06   1.6102173E-07
  -5.7643165E-06   3.5283520E-04  -2.9715386E-04   8.1330370E-05  -9.7329275E-06   5.2970091E-07  -1.0739815E-08
   1.0646725E-07  -7.4169643E-06   6.4609067E-06  -1.8168191E-06   2.2250593E-07  -1.2361522E-08   2.5543562E-10
070  217
  -1.8105739E+00   2.4913883E-01  -8.5781537E-02   1.5182190E-02  -1.4512005E-03   7.0858820E-05  -1.3809447E-06
   1.1928155E-02   1.0815208E-01   7.2050043E-03  -1.1907326E-02   2.2508623E-03  -1.6255047E-04   4.0973428E-06
  -1.3107074E-03  -1.0688462E-01   5.3346165E-02  -8.0711301E-03   3.3883748E-04   1.2243258E-05  -8.4628761E-07
  -3.2901298E-04   3.2034282E-02  -2.1244517E-02   4.5521487E-03  -4.1038182E-04   1.5426298E-05  -1.7507321E-07
   7.7709083E-05  -4.1445405E-03   3.0751973E-03  -7.3791010E-04   7.6247066E-05  -3.4949680E-06   5.7369991E-08
  -5.4785023E-06   2.4314199E-04  -1.9178350E-04   4.8862345E-05  -5.3816493E-06   2.6587810E-07  -4.8095190E-09
   1.2872368E-07  -5.3121926E-06   4.3561331E-06  -1.1527179E-06   1.3193655E-07  -6.7945978E-09   1.2891495E-10
070  353
  -1.9305693E+00   2.4499923E-01  -5.3441677E-02   5.4686647E-03  -2.6249871E-04   4.4884900E-06   1.6873217E-08
   2.2249529E-02   7.5981929E-03   5.8431812E-02  -2.1599965E-02   3.0782856E-03  -1.9354264E-04   4.4748804E-06
  -5.9551350E-03  -3.0524533E-02  -9.4406481E-04   5.3681768E-03  -1.1608372E-03   8.9527355E-05  -2.3411742E-06
   5.5117405E-04   1.2193543E-02  -5.5046617E-03   3.3044495E-04   9.2692710E-05  -1.2051200E-05   3.8630250E-07
  -1.7462288E-06  -1.8116218E-03   1.1094350E-03  -1.8653215E-04   8.1252310E-06   3.4220801E-07  -2.3203912E-08
  -2.1401468E-06   1.1568292E-04  -7.9984915E-05   1.6552502E-05  -1.2923662E-06   3.0799423E-08   2.1521468E-10
   7.7459184E-08  -2.6807404E-06   1.9785728E-06  -4.5041688E-07   4.1470500E-08  -1.5164748E-09   1.4642508E-11
070  545
  -2.0386565E+00   2.3762950E-01  -3.0257996E-02  -7.0467166E-04   4.3554470E-04  -3.2372060E-05   7.6259261E-07
   2.8962599E-02  -3.2064024E-02   6.7137077E-02  -2.0549444E-02   2.6475058E-03  -1.5521879E-04   3.4012257E-06
  -9.1195852E-03   7.7906414E-03  -2.4043698E-02   1.0025737E-02  -1.5490722E-03   1.0193502E-04  -2.4156682E-06
   1.2436620E-03   9.8224275E-04   2.6377009E-03  -1.6375823E-03   2.9906348E-04  -2.1674481E-05   5.4730742E-07
  -7.6466829E-05  -3.8484277E-04  -1.8550101E-05   1.0718669E-04  -2.5116775E-05   2.0342550E-06  -5.4836608E-08
   1.7193098E-06   3.2990407E-05  -1.1260412E-05  -2.1269398E-06   9.1091408E-07  -8.6286505E-08   2.5111468E-09
   1.3644722E-09  -8.9126212E-07   4.4063131E-07  -2.0309582E-08  -1.0638199E-08   1.3276368E-09  -4.2704420E-11
070  857
  -2.1498575E+00   2.2497404E-01  -1.0023671E-02  -5.3342027E-03   9.0087933E-04  -5.4651548E-05   1.1778495E-06
   2.5166687E-02  -3.5704747E-02   5.6223042E-02  -1.5282757E-02   1.7891710E-03  -9.6541356E-05   1.9633383E-06
  -7.3292162E-03   2.2635028E-02  -3.1189505E-02   1.0556963E-02  -1.4461790E-03   8.7247667E-05  -1.9291601E-06
   9.6009474E-04  -4.4687181E-03   6.5179849E-03  -2.4281282E-03   3.5766413E-04  -2.2775694E-05   5.2489145E-07
  -5.7687063E-05   3.9156064E-04  -6.4140075E-04   2.5601397E-04  -3.9616414E-05   2.6177433E-06  -6.2085242E-08
   1.2620567E-06  -1.5357564E-05   2.9879224E-05  -1.2686997E-05   2.0417535E-06  -1.3882313E-07   3.3658234E-09
   2.1669064E-09   2.0982232E-07  -5.2997461E-07   2.3949625E-07  -3.9894218E-08   2.7779754E-09  -6.8577810E-11
100  143
  -1.6941357E+00   1.0486410E-01  -5.0166156E-02   1.1157328E-02  -1.2493372E-03   6.8157555E-05  -1.4381376E-06
   3.7543448E-03   4.4336155E-01  -2.2683698E-01   4.8004918E-02  -4.8364024E-03   2.3038262E-04  -4.1664744E-06
  -1.3295268E-03  -2.7832597E-01   1.9753388E-01  -4.9014524E-02   5.5160150E-03  -2.8843508E-04   5.6973017E-06
   5.0847634E-04   6.7492358E-02  -5.4300763E-02   1.4524871E-02  -1.7243209E-03   9.4046009E-05  -1.9251061E-06
  -9.2579336E-05  -7.6343538E-03   6.5921927E-03  -1.8476364E-03   2.2704365E-04  -1.2725798E-05   2.6646828E-07
   7.1053910E-06   4.0607748E-04  -3.6772239E-04   1.0648280E-04  -1.3412438E-05   7.6675690E-07  -1.6320326E-08
  -1.9165022E-07  -8.2108927E-06   7.7040195E-06  -2.2861550E-06   2.9341814E-07  -1.7029354E-08   3.6704567E-10
100  217
  -1.7955179E+00   2.1279837E-01  -9.1567717E-02   1.8916046E-02  -2.0073114E-03   1.0515771E-04  -2.1498847E-06
   2.0210091E-03   2.4539246E-01  -8.0918692E-02   9.3731107E-03  -1.4685658E-04  -3.5285586E-05   1.5269859E-06
   2.2142576E-03  -1.8632737E-01   1.1636512E-01  -2.5290485E-02   2.4477695E-03  -1.0681256E-04   1.6781407E-06
  -7.7402260E-04   4.9748857E-02  -3.6752071E-02   9.0545863E-03  -9.8581752E-04   4.8966504E-05  -9.0430149E-07
   9.2495902E-05  -5.9961500E-03   4.8074727E-03  -1.2620138E-03   1.4524179E-04  -7.6081715E-06   1.4840680E-07
  -4.6652776E-06   3.3455103E-04  -2.8196324E-04   7.7030687E-05  -9.1758448E-06   4.9608417E-07  -9.9761071E-09
   8.3254072E-08  -7.0330684E-06   6.1350411E-06  -1.7233585E-06   2.1026649E-07  -1.1616252E-08   2.3837302E-10
100  353
  -1.9223856E+00   2.6299152E-01  -8.6158052E-02   1.4595855E-02  -1.3471437E-03   6.4053565E-05  -1.2239357E-06
   1.6698403E-02   6.9497213E-02   3.0207679E-02  -1.7054718E-02   2.7876399E-03  -1.8891876E-04   4.5896650E-06
  -2.8681559E-03  -8.2699716E-02   3.5586480E-02  -3.5606152E-03  -1.7763089E-04   3.9672672E-05  -1.3959365E-06
  -8.2001512E-05   2.6018791E-02  -1.6417259E-02   3.2546294E-03  -2.5534927E-04   6.8994973E-06   1.0532188E-09
   5.7402620E-05  -3.4394870E-03   2.4798810E-03  -5.7217432E-04   5.5892506E-05  -2.3494072E-06   3.3230094E-08
  -4.6602222E-06   2.0420291E-04  -1.5777655E-04   3.9159433E-05  -4.1661560E-06   1.9630707E-07  -3.3217422E-09
   1.1626155E-07  -4.4956419E-06   3.6253418E-06  -9.4035374E-07   1.0492995E-07  -5.2287019E-09   9.5046249E-11
100  545
  -2.0298243E+00   2.5959626E-01  -5.8465369E-02   6.2675308E-03  -3.2525926E-04   6.8040131E-06  -1.3877401E-08
   2.3478001E-02  -8.4633809E-03   6.7211486E-02  -2.3356993E-02   3.2342200E-03  -1.9953445E-04   4.5490856E-06
  -6.3438406E-03  -2.2212399E-02  -6.5922495E-03   6.6604577E-03  -1.2894719E-03   9.5158677E-05  -2.4269241E-06
   6.2555005E-04   1.0095705E-02  -3.8733622E-03  -7.8757752E-05   1.3708977E-04  -1.4198164E-05   4.2383220E-07
  -1.0392651E-05  -1.5467437E-03   8.8701013E-04  -1.2737792E-04   1.3407482E-06   6.9088765E-07  -2.9768207E-08
  -1.6222755E-06   9.9792873E-05  -6.6017754E-05   1.2692237E-05  -8.3297323E-07   6.2482539E-09   6.9830458E-10
   6.5541393E-08  -2.3211828E-06   1.6531296E-06  -3.5803612E-07   3.0188712E-08  -8.9719182E-10   2.0994675E-12
100  857
  -2.1452425E+00   2.5088570E-01  -3.2596122E-02  -6.9906726E-04   4.6933594E-04  -3.5390316E-05   8.4247387E-07
   2.4626976E-02  -4.1459411E-02   7.2937727E-02  -2.1634733E-02   2.7246685E-03  -1.5671345E-04   3.3773401E-06
  -6.1316178E-03   1.2489242E-02  -2.8585590E-02   1.1125338E-02  -1.6554026E-03   1.0615433E-04  -2.4667524E-06
   5.6047464E-04  -4.1457824E-04   4.1225338E-03  -2.0300923E-03   3.4117507E-04  -2.3618149E-05   5.7854197E-07
  -4.7152148E-06  -1.8370971E-04  -2.3402911E-04   1.6667905E-04  -3.1858286E-05   2.3682628E-06  -6.0775356E-08
  -1.8440600E-06   1.9839756E-05   2.7376209E-06  -6.0975017E-06   1.3768645E-06  -1.1038133E-07   2.9635279E-09
   6.9331513E-08  -5.7631519E-07   1.0769106E-07   7.5924014E-08  -2.2211863E-08   1.9436877E-09  -5.4676454E-11
143  217
  -1.7857314E+00   1.1851495E-01  -5.7365354E-02   1.2805151E-02  -1.4340959E-03   7.8138095E-05  -1.6457664E-06
   8.9985905E-03   4.0513572E-01  -1.9963288E-01   4.0943831E-02  -3.9844918E-03   1.8201147E-04  -3.1224033E-06
  -4.0608081E-03  -2.5775695E-01   1.8194968E-01  -4.4793092E-02   4.9892631E-03  -2.5770269E-04   5.0190979E-06
   1.1230031E-03   6.2881149E-02  -5.0718240E-02   1.3529476E-02  -1.5971916E-03   8.6478591E-05  -1.7552586E-06
  -1.6016235E-04  -7.1333116E-03   6.1977864E-03  -1.7360990E-03   2.1255034E-04  -1.1849725E-05   2.4654381E-07
   1.0678991E-05   3.7994809E-04  -3.4699714E-04   1.0054515E-04  -1.2630587E-05   7.1892106E-07  -1.5220813E-08
  -2.6427813E-07  -7.6870947E-06   7.2867010E-06  -2.1654234E-06   2.7735433E-07  -1.6036932E-08   3.4403655E-10
143  353
  -1.9045739E+00   2.3797508E-01  -9.8647147E-02   1.9856742E-02  -2.0691867E-03   1.0699370E-04  -2.1663807E-06
   4.0168054E-03   1.8210717E-01  -3.8587596E-02  -9.9180685E-04   1.0337201E-03  -9.8712568E-05   2.8260292E-06
   1.4653358E-03  -1.5148099E-01   8.9587823E-02  -1.8189004E-02   1.5946244E-03  -5.9173173E-05   6.7333610E-07
  -6.5470592E-04   4.1845847E-02  -3.0261304E-02   7.2579728E-03  -7.6333899E-04   3.6254176E-05  -6.3127061E-07
   8.3725616E-05  -5.1325676E-03   4.0680724E-03  -1.0513779E-03   1.1859668E-04  -6.0597963E-06   1.1469255E-07
  -4.4015005E-06   2.8939606E-04  -2.4214176E-04   6.5442509E-05  -7.6859087E-06   4.0834561E-07  -8.0445082E-09
   8.1653269E-08  -6.1265955E-06   5.3173253E-06  -1.4814171E-06   1.7875371E-07  -9.7404449E-09   1.9669995E-10
143  545
  -2.0196366E+00   2.7349958E-01  -8.8856958E-02   1.4870356E-02  -1.3537953E-03   6.3507570E-05  -1.1985994E-06
   1.6461404E-02   4.7447365E-02   4.2811651E-02  -1.9812191E-02   3.0687628E-03  -2.0229800E-04   4.8287307E-06
  -2.3896117E-03  -7.0394933E-02   2.7165117E-02  -1.5071318E-03  -4.0492773E-04   5.1275358E-05  -1.6173974E-06
  -2.1819063E-04   2.3032468E-02  -1.4157223E-02   2.6678143E-03  -1.8705858E-04   3.2588057E-06   7.3407136E-08
   7.3364019E-05  -3.0854340E-03   2.1942540E-03  -4.9475988E-04   4.6564121E-05  -1.8368054E-06   2.2754278E-08
  -5.5125161E-06   1.8414506E-04  -1.4087962E-04   3.4436358E-05  -3.5824175E-06   1.6351126E-07  -2.6377118E-09
   1.3348431E-07  -4.0622276E-06   3.2488088E-06  -8.3266337E-07   9.1364441E-08  -4.4537063E-09   7.8631997E-11
143  857
  -2.1337602E+00   2.7126968E-01  -5.9867058E-02   6.0847560E-03  -2.7329617E-04   2.9278942E-06   8.1972090E-08
   1.8498480E-02  -2.6453054E-02   7.8804992E-02  -2.5880249E-02   3.4760807E-03  -2.0986925E-04   4.7052504E-06
  -3.5175618E-03  -1.2386688E-02  -1.4903937E-02   8.7530855E-03  -1.5138654E-03   1.0587717E-04  -2.6128209E-06
   3.6738256E-05   7.5252699E-03  -1.5036908E-03  -7.0999126E-04   2.0811980E-04  -1.7757900E-05   4.8900824E-07
   4.7365993E-05  -1.2200865E-03   5.7599449E-04  -4.1777810E-05  -8.5995389E-06   1.2054177E-06  -3.9530676E-08
  -4.3259788E-06   8.0265308E-05  -4.7146539E-05   7.3789515E-06  -2.0119568E-07  -2.7272577E-08   1.3516323E-09
   1.1433870E-07  -1.8814957E-06   1.2246649E-06  -2.3532024E-07   1.5323856E-08  -9.2959918E-11  -1.3906023E-11
217  353
  -1.8947266E+00   1.3801169E-01  -6.6267930E-02   1.4685120E-02  -1.6339491E-03   8.8514920E-05  -1.8548802E-06
   4.1610352E-03   3.7920880E-01  -1.7852880E-01   3.5097990E-02  -3.2562972E-03   1.4008395E-04  -2.2142276E-06
  -1.3754483E-03  -2.4589720E-01   1.7035422E-01  -4.1303743E-02   4.5328103E-03  -2.3054852E-04   4.4170229E-06
   5.0128496E-04   6.0431570E-02  -4.8078466E-02   1.2702293E-02  -1.4862382E-03   7.9758196E-05  -1.6041944E-06
  -9.0742360E-05  -6.8801991E-03   5.9079551E-03  -1.6430664E-03   1.9987550E-04  -1.1072725E-05   2.2890698E-07
   6.9641128E-06   3.6720227E-04  -3.3176815E-04   9.5576434E-05  -1.1946123E-05   6.7657703E-07  -1.4252155E-08
  -1.8777077E-07  -7.4383765E-06   6.9796088E-06  -2.0640073E-06   2.6326427E-07  -1.5158776E-08   3.2381589E-10
217  545
  -2.0072536E+00   2.4336547E-01  -1.0117836E-01   2.0388173E-02  -2.1243524E-03   1.0976818E-04  -2.2204090E-06
   4.3704687E-03   1.8399760E-01  -3.9445624E-02  -9.3549420E-04   1.0382460E-03  -9.9236968E-05   2.8384402E-06
   2.3151541E-03  -1.5389194E-01   9.0766989E-02  -1.8373171E-02   1.6090369E-03  -5.9834107E-05   6.8773608E-07
  -9.3288720E-04   4.2363212E-02  -3.0471859E-02   7.2855460E-03  -7.6517247E-04   3.6346119E-05  -6.3387205E-07
   1.1778317E-04  -5.1713153E-03   4.0742508E-03  -1.0498894E-03   1.1826862E-04  -6.0419052E-06   1.1443255E-07
  -6.2444205E-06   2.9013547E-04  -2.4129433E-04   6.5036234E-05  -7.6280635E-06   4.0512307E-07  -7.9831750E-09
   1.1867687E-07  -6.1125033E-06   5.2740224E-06  -1.4656513E-06   1.7661957E-07  -9.6192947E-09   1.9425136E-10
217  857
  -2.1213956E+00   2.8007668E-01  -9.0857834E-02   1.5111043E-02  -1.3638865E-03   6.3390784E-05  -1.1858305E-06
   6.6705071E-03   4.5112740E-02   4.8258319E-02  -2.1384785E-02   3.2531011E-03  -2.1197481E-04   5.0171598E-06
   1.0834850E-03  -6.9280155E-02   2.4011316E-02  -5.4286286E-04  -5.2081194E-04   5.7389592E-05  -1.7353277E-06
  -8.0181594E-04   2.2626160E-02  -1.3301947E-02   2.4090298E-03  -1.5621954E-04   1.6559072E-06   1.0360623E-07
   1.2294851E-04  -3.0122634E-03   2.0760861E-03  -4.5949465E-04   4.2369393E-05  -1.6191328E-06   1.8668420E-08
  -7.5582329E-06   1.7848730E-04  -1.3310718E-04   3.2130712E-05  -3.3062761E-06   1.4903168E-07  -2.3624307E-09
   1.6581863E-07  -3.9090478E-06   3.0577185E-06  -7.7601180E-07   8.4509239E-08  -4.0890376E-09   7.1574392E-11
353  545
  -1.9946562E+00   1.3471965E-01  -6.5428905E-02   1.4576448E-02  -1.6258672E-03   8.8178444E-05  -1.8487705E-06
   3.8466195E-03   3.9463073E-01  -1.9542272E-01   4.0033262E-02  -3.8832740E-03   1.7658739E-04  -3.0119922E-06
  -1.6919380E-03  -2.5349626E-01   1.8102063E-01  -4.4668809E-02   4.9791089E-03  -2.5728683E-04   5.0137041E-06
   6.5401930E-04   6.1870515E-02  -5.0527364E-02   1.3518461E-02  -1.5979329E-03   8.6597182E-05  -1.7593711E-06
  -1.1545496E-04  -6.9961236E-03   6.1598276E-03  -1.7311982E-03   2.1226183E-04  -1.1845598E-05   2.4670879E-07
   8.6570062E-06   3.7078530E-04  -3.4355139E-04   9.9913552E-05  -1.2571282E-05   7.1628551E-07  -1.5179998E-08
  -2.2953324E-07  -7.4576783E-06   7.1824184E-06  -2.1431861E-06   2.7498135E-07  -1.5916481E-08   3.4177797E-10
353  857
  -2.1105001E+00   2.4786521E-01  -1.0593741E-01   2.1715725E-02  -2.2862852E-03   1.1887991E-04  -2.4138992E-06
  -1.5742447E-03   2.0075111E-01  -5.0193850E-02   1.7465318E-03   7.2166655E-04  -8.1546787E-05   2.4617673E-06
   3.7167093E-03  -1.6431053E-01   9.9359423E-02  -2.0849118E-02   1.9288674E-03  -7.8821591E-05   1.1098119E-06
  -1.0114803E-03   4.4577580E-02  -3.2560728E-02   7.9397932E-03  -8.5444172E-04   4.1853447E-05  -7.5982712E-07
   1.0732765E-04  -5.3758812E-03   4.2918194E-03  -1.1229181E-03   1.2869552E-04  -6.7062447E-06   1.2999865E-07
  -4.8872826E-06   2.9836743E-04  -2.5139650E-04   6.8673806E-05  -8.1705157E-06   4.4074417E-07  -8.8367864E-09
   7.7390574E-08  -6.2241511E-06   5.4438847E-06  -1.5320556E-06   1.8699006E-07  -1.0321404E-08   2.1145308E-10
545  857
  -2.1032002E+00   1.3000096E-01  -6.2083658E-02   1.3739360E-02  -1.5287265E-03   8.2855448E-05  -1.7374302E-06
   1.3743064E-03   4.1508862E-01  -2.0290904E-01   4.1270226E-02  -3.9892741E-03   1.8125071E-04  -3.0956808E-06
  -3.7764767E-04  -2.6648548E-01   1.8598445E-01  -4.5499146E-02   5.0507756E-03  -2.6047439E-04   5.0718172E-06
   3.7424295E-04   6.4964801E-02  -5.1745735E-02   1.3733350E-02  -1.6178678E-03   8.7558015E-05  -1.7782613E-06
  -8.7229870E-05  -7.3378971E-03   6.2951189E-03  -1.7557826E-03   2.1465636E-04  -1.1967504E-05   2.4922622E-07
   7.3034112E-06   3.8854626E-04  -3.5049647E-04   1.0118652E-04  -1.2698674E-05   7.2299792E-07  -1.5323053E-08
  -2.0466047E-07  -7.8094454E-06   7.3166007E-06  -2.1675792E-06   2.7744903E-07  -1.6049288E-08   3.4467004E-10
