1000 0.6120187194900869
1147.1372556867937 0.6774579645621419
1315.9238833846293 0.7127564834438922
1656.6500167797744 0.7889669729459816
1960.2329826462772 0.7889669729459816
2288.839736368681 0.7757215960572156
2590.964952837032 0.7889669729459816
3011.9388743273253 0.8161400793251843
3501.3116533092516 0.7498942093324565
4070.196576063341 0.7626985859023452
4731.512589614803 0.7127564834438922
5524.68717959188 0.7007905475088626
6393.9499257440375 0.6660846290809161
7432.8239449026905 0.6439075678850833
8640.491783252432 0.6017439945895533
10000 0.5529005969372238
12259.183293599166 0.5166962315798267
14634.726662394529 0.46678581190085233
18424.029289950093 0.4362203103055873
21800.253234900545 0.4008124254378514
