35.2643120803084 0.13691651797267657
223.27253905771136 0.46912840350327567
461.90936704033106 0.8403775692278357
751.0522086165327 1.2408842638625925
1038.601413841481 1.514254191808437
1375.6759333669318 1.738643638394377
1863.0426195567786 1.9530081588732857
2399.6894452238585 2.098832695424765
3035.8772491384825 2.18581527439149
3588.010951142107 2.2338150564583135
4156.612228775352 2.2622280943105824
4708.745930778974 2.310227876377406
5193.53828132449 2.319217619897299
5728.5914706403155 2.3379053897598645
6330.618249179346 2.3662639443180735
6982.7832790770535 2.394540773935192
7735.224811692115 2.422654153670131
8320.416252366618 2.441260198591607
8855.469441682446 2.4599479684541725
9440.783469768583 2.4883337646594113
10092.825912254655 2.506830842992767
